base changed 1
task 1 total 2 users, intersection ratio: 0.0000
task 1 total 2 users, intersection ratio: 0.0732
task 1 total 2 users, intersection ratio: 0.0682
task 1 total 2 users, intersection ratio: 0.0882
task 1 total 2 users, intersection ratio: 0.0698
task 1 total 2 users, intersection ratio: 0.0488
task 1 total 2 users, intersection ratio: 0.0417
task 1 total 2 users, intersection ratio: 0.0588
task 1 total 2 users, intersection ratio: 0.0500
task 1 total 2 users, intersection ratio: 0.0625
task 1 total 2 users, intersection ratio: 0.0769
task 1 total 2 users, intersection ratio: 0.0909
task 1 total 2 users, intersection ratio: 0.0545
task 1 total 2 users, intersection ratio: 0.0698
task 1 total 2 users, intersection ratio: 0.0667
task 1 total 2 users, intersection ratio: 0.0541
task 1 total 2 users, intersection ratio: 0.0377
task 1 total 2 users, intersection ratio: 0.0588
task 1 total 2 users, intersection ratio: 0.0488
task 1 total 2 users, intersection ratio: 0.0526
task 1 total 2 users, intersection ratio: 0.0400
base changed 2
task 1 total 2 users, intersection ratio: 0.0732
task 1 total 2 users, intersection ratio: 0.0000
task 1 total 2 users, intersection ratio: 0.0851
task 1 total 2 users, intersection ratio: 0.0789
task 1 total 2 users, intersection ratio: 0.0638
task 1 total 2 users, intersection ratio: 0.0444
task 1 total 2 users, intersection ratio: 0.0385
task 1 total 2 users, intersection ratio: 0.0526
task 1 total 2 users, intersection ratio: 0.0455
task 1 total 2 users, intersection ratio: 0.0556
task 1 total 2 users, intersection ratio: 0.0698
task 1 total 2 users, intersection ratio: 0.0526
task 1 total 2 users, intersection ratio: 0.0333
task 1 total 2 users, intersection ratio: 0.0638
task 1 total 2 users, intersection ratio: 0.0612
task 1 total 2 users, intersection ratio: 0.0488
task 1 total 2 users, intersection ratio: 0.0351
task 1 total 2 users, intersection ratio: 0.0526
task 1 total 2 users, intersection ratio: 0.0444
task 1 total 2 users, intersection ratio: 0.0476
task 1 total 2 users, intersection ratio: 0.0370
base changed 3
task 1 total 2 users, intersection ratio: 0.0682
task 1 total 2 users, intersection ratio: 0.0851
task 1 total 2 users, intersection ratio: 0.0000
task 1 total 2 users, intersection ratio: 0.0732
task 1 total 2 users, intersection ratio: 0.0600
task 1 total 2 users, intersection ratio: 0.0417
task 1 total 2 users, intersection ratio: 0.0364
task 1 total 2 users, intersection ratio: 0.0488
task 1 total 2 users, intersection ratio: 0.0426
task 1 total 2 users, intersection ratio: 0.0513
task 1 total 2 users, intersection ratio: 0.0652
task 1 total 2 users, intersection ratio: 0.0488
task 1 total 2 users, intersection ratio: 0.0317
task 1 total 2 users, intersection ratio: 0.0600
task 1 total 2 users, intersection ratio: 0.0784
task 1 total 2 users, intersection ratio: 0.0455
task 1 total 2 users, intersection ratio: 0.0333
task 1 total 2 users, intersection ratio: 0.0488
task 1 total 2 users, intersection ratio: 0.0638
task 1 total 2 users, intersection ratio: 0.0682
task 1 total 2 users, intersection ratio: 0.0351
base changed 4
task 1 total 2 users, intersection ratio: 0.0882
task 1 total 2 users, intersection ratio: 0.0789
task 1 total 2 users, intersection ratio: 0.0732
task 1 total 2 users, intersection ratio: 0.0000
task 1 total 2 users, intersection ratio: 0.0750
task 1 total 2 users, intersection ratio: 0.0526
task 1 total 2 users, intersection ratio: 0.0444
task 1 total 2 users, intersection ratio: 0.1000
task 1 total 2 users, intersection ratio: 0.0541
task 1 total 2 users, intersection ratio: 0.1071
task 1 total 2 users, intersection ratio: 0.0833
task 1 total 2 users, intersection ratio: 0.0645
task 1 total 2 users, intersection ratio: 0.0377
task 1 total 2 users, intersection ratio: 0.0750
task 1 total 2 users, intersection ratio: 0.0714
task 1 total 2 users, intersection ratio: 0.0588
task 1 total 2 users, intersection ratio: 0.0400
task 1 total 2 users, intersection ratio: 0.0645
task 1 total 2 users, intersection ratio: 0.0526
task 1 total 2 users, intersection ratio: 0.0571
task 1 total 2 users, intersection ratio: 0.0426
base changed 5
task 1 total 2 users, intersection ratio: 0.0698
task 1 total 2 users, intersection ratio: 0.0638
task 1 total 2 users, intersection ratio: 0.0600
task 1 total 2 users, intersection ratio: 0.0750
task 1 total 2 users, intersection ratio: 0.0000
task 1 total 2 users, intersection ratio: 0.0652
task 1 total 2 users, intersection ratio: 0.0566
task 1 total 2 users, intersection ratio: 0.0500
task 1 total 2 users, intersection ratio: 0.0435
task 1 total 2 users, intersection ratio: 0.0811
task 1 total 2 users, intersection ratio: 0.0909
task 1 total 2 users, intersection ratio: 0.0500
task 1 total 2 users, intersection ratio: 0.0323
task 1 total 2 users, intersection ratio: 0.0833
task 1 total 2 users, intersection ratio: 0.0588
task 1 total 2 users, intersection ratio: 0.0714
task 1 total 2 users, intersection ratio: 0.0339
task 1 total 2 users, intersection ratio: 0.0769
task 1 total 2 users, intersection ratio: 0.0426
task 1 total 2 users, intersection ratio: 0.0455
task 1 total 2 users, intersection ratio: 0.0741
base changed 6
task 1 total 2 users, intersection ratio: 0.0488
task 1 total 2 users, intersection ratio: 0.0444
task 1 total 2 users, intersection ratio: 0.0417
task 1 total 2 users, intersection ratio: 0.0526
task 1 total 2 users, intersection ratio: 0.0652
task 1 total 2 users, intersection ratio: 0.0000
task 1 total 2 users, intersection ratio: 0.0600
task 1 total 2 users, intersection ratio: 0.0541
task 1 total 2 users, intersection ratio: 0.0714
task 1 total 2 users, intersection ratio: 0.0571
task 1 total 2 users, intersection ratio: 0.0976
task 1 total 2 users, intersection ratio: 0.0541
task 1 total 2 users, intersection ratio: 0.0339
task 1 total 2 users, intersection ratio: 0.0652
task 1 total 2 users, intersection ratio: 0.0408
task 1 total 2 users, intersection ratio: 0.0769
task 1 total 2 users, intersection ratio: 0.0357
task 1 total 2 users, intersection ratio: 0.0833
task 1 total 2 users, intersection ratio: 0.0455
task 1 total 2 users, intersection ratio: 0.0488
task 1 total 2 users, intersection ratio: 0.0577
base changed 7
task 1 total 2 users, intersection ratio: 0.0417
task 1 total 2 users, intersection ratio: 0.0385
task 1 total 2 users, intersection ratio: 0.0364
task 1 total 2 users, intersection ratio: 0.0444
task 1 total 2 users, intersection ratio: 0.0566
task 1 total 2 users, intersection ratio: 0.0600
task 1 total 2 users, intersection ratio: 0.0000
task 1 total 2 users, intersection ratio: 0.0455
task 1 total 2 users, intersection ratio: 0.0400
task 1 total 2 users, intersection ratio: 0.0476
task 1 total 2 users, intersection ratio: 0.0612
task 1 total 2 users, intersection ratio: 0.0455
task 1 total 2 users, intersection ratio: 0.0462
task 1 total 2 users, intersection ratio: 0.0566
task 1 total 2 users, intersection ratio: 0.0357
task 1 total 2 users, intersection ratio: 0.0652
task 1 total 2 users, intersection ratio: 0.0317
task 1 total 2 users, intersection ratio: 0.0698
task 1 total 2 users, intersection ratio: 0.0392
task 1 total 2 users, intersection ratio: 0.0417
task 1 total 2 users, intersection ratio: 0.0508
base changed 8
task 1 total 2 users, intersection ratio: 0.0588
task 1 total 2 users, intersection ratio: 0.0526
task 1 total 2 users, intersection ratio: 0.0488
task 1 total 2 users, intersection ratio: 0.1000
task 1 total 2 users, intersection ratio: 0.0500
task 1 total 2 users, intersection ratio: 0.0541
task 1 total 2 users, intersection ratio: 0.0455
task 1 total 2 users, intersection ratio: 0.0000
task 1 total 2 users, intersection ratio: 0.0556
task 1 total 2 users, intersection ratio: 0.1111
task 1 total 2 users, intersection ratio: 0.0556
task 1 total 2 users, intersection ratio: 0.0667
task 1 total 2 users, intersection ratio: 0.0385
task 1 total 2 users, intersection ratio: 0.1053
task 1 total 2 users, intersection ratio: 0.0732
task 1 total 2 users, intersection ratio: 0.0938
task 1 total 2 users, intersection ratio: 0.0408
task 1 total 2 users, intersection ratio: 0.0667
task 1 total 2 users, intersection ratio: 0.0541
task 1 total 2 users, intersection ratio: 0.0588
task 1 total 2 users, intersection ratio: 0.0435
base changed 9
task 1 total 2 users, intersection ratio: 0.0500
task 1 total 2 users, intersection ratio: 0.0455
task 1 total 2 users, intersection ratio: 0.0426
task 1 total 2 users, intersection ratio: 0.0541
task 1 total 2 users, intersection ratio: 0.0435
task 1 total 2 users, intersection ratio: 0.0714
task 1 total 2 users, intersection ratio: 0.0400
task 1 total 2 users, intersection ratio: 0.0556
task 1 total 2 users, intersection ratio: 0.0000
task 1 total 2 users, intersection ratio: 0.0588
task 1 total 2 users, intersection ratio: 0.0732
task 1 total 2 users, intersection ratio: 0.0556
task 1 total 2 users, intersection ratio: 0.0526
task 1 total 2 users, intersection ratio: 0.0435
task 1 total 2 users, intersection ratio: 0.0638
task 1 total 2 users, intersection ratio: 0.0513
task 1 total 2 users, intersection ratio: 0.0364
task 1 total 2 users, intersection ratio: 0.0556
task 1 total 2 users, intersection ratio: 0.0714
task 1 total 2 users, intersection ratio: 0.0769
task 1 total 2 users, intersection ratio: 0.0385
base changed 10
task 1 total 2 users, intersection ratio: 0.0625
task 1 total 2 users, intersection ratio: 0.0556
task 1 total 2 users, intersection ratio: 0.0513
task 1 total 2 users, intersection ratio: 0.1071
task 1 total 2 users, intersection ratio: 0.0811
task 1 total 2 users, intersection ratio: 0.0571
task 1 total 2 users, intersection ratio: 0.0476
task 1 total 2 users, intersection ratio: 0.1111
task 1 total 2 users, intersection ratio: 0.0588
task 1 total 2 users, intersection ratio: 0.0000
task 1 total 2 users, intersection ratio: 0.0588
task 1 total 2 users, intersection ratio: 0.0714
task 1 total 2 users, intersection ratio: 0.0400
task 1 total 2 users, intersection ratio: 0.0526
task 1 total 2 users, intersection ratio: 0.0500
task 1 total 2 users, intersection ratio: 0.0645
task 1 total 2 users, intersection ratio: 0.0426
task 1 total 2 users, intersection ratio: 0.0714
task 1 total 2 users, intersection ratio: 0.0571
task 1 total 2 users, intersection ratio: 0.0625
task 1 total 2 users, intersection ratio: 0.0698
base changed 11
task 1 total 2 users, intersection ratio: 0.0769
task 1 total 2 users, intersection ratio: 0.0698
task 1 total 2 users, intersection ratio: 0.0652
task 1 total 2 users, intersection ratio: 0.0833
task 1 total 2 users, intersection ratio: 0.0909
task 1 total 2 users, intersection ratio: 0.0976
task 1 total 2 users, intersection ratio: 0.0612
task 1 total 2 users, intersection ratio: 0.0556
task 1 total 2 users, intersection ratio: 0.0732
task 1 total 2 users, intersection ratio: 0.0588
task 1 total 2 users, intersection ratio: 0.0000
task 1 total 2 users, intersection ratio: 0.0857
task 1 total 2 users, intersection ratio: 0.0345
task 1 total 2 users, intersection ratio: 0.0909
task 1 total 2 users, intersection ratio: 0.0638
task 1 total 2 users, intersection ratio: 0.0789
task 1 total 2 users, intersection ratio: 0.0364
task 1 total 2 users, intersection ratio: 0.0857
task 1 total 2 users, intersection ratio: 0.0465
task 1 total 2 users, intersection ratio: 0.0500
task 1 total 2 users, intersection ratio: 0.0588
base changed 12
task 1 total 2 users, intersection ratio: 0.0909
task 1 total 2 users, intersection ratio: 0.0526
task 1 total 2 users, intersection ratio: 0.0488
task 1 total 2 users, intersection ratio: 0.0645
task 1 total 2 users, intersection ratio: 0.0500
task 1 total 2 users, intersection ratio: 0.0541
task 1 total 2 users, intersection ratio: 0.0455
task 1 total 2 users, intersection ratio: 0.0667
task 1 total 2 users, intersection ratio: 0.0556
task 1 total 2 users, intersection ratio: 0.0714
task 1 total 2 users, intersection ratio: 0.0857
task 1 total 2 users, intersection ratio: 0.0000
task 1 total 2 users, intersection ratio: 0.1020
task 1 total 2 users, intersection ratio: 0.0500
task 1 total 2 users, intersection ratio: 0.0732
task 1 total 2 users, intersection ratio: 0.0606
task 1 total 2 users, intersection ratio: 0.0408
task 1 total 2 users, intersection ratio: 0.1034
task 1 total 2 users, intersection ratio: 0.0541
task 1 total 2 users, intersection ratio: 0.0588
task 1 total 2 users, intersection ratio: 0.0435
base changed 13
task 1 total 2 users, intersection ratio: 0.0545
task 1 total 2 users, intersection ratio: 0.0333
task 1 total 2 users, intersection ratio: 0.0317
task 1 total 2 users, intersection ratio: 0.0377
task 1 total 2 users, intersection ratio: 0.0323
task 1 total 2 users, intersection ratio: 0.0339
task 1 total 2 users, intersection ratio: 0.0462
task 1 total 2 users, intersection ratio: 0.0385
task 1 total 2 users, intersection ratio: 0.0526
task 1 total 2 users, intersection ratio: 0.0400
task 1 total 2 users, intersection ratio: 0.0345
task 1 total 2 users, intersection ratio: 0.1020
task 1 total 2 users, intersection ratio: 0.0000
task 1 total 2 users, intersection ratio: 0.0323
task 1 total 2 users, intersection ratio: 0.0645
task 1 total 2 users, intersection ratio: 0.0364
task 1 total 2 users, intersection ratio: 0.0282
task 1 total 2 users, intersection ratio: 0.0385
task 1 total 2 users, intersection ratio: 0.0517
task 1 total 2 users, intersection ratio: 0.0545
task 1 total 2 users, intersection ratio: 0.0294
base changed 14
task 1 total 2 users, intersection ratio: 0.0698
task 1 total 2 users, intersection ratio: 0.0638
task 1 total 2 users, intersection ratio: 0.0600
task 1 total 2 users, intersection ratio: 0.0750
task 1 total 2 users, intersection ratio: 0.0833
task 1 total 2 users, intersection ratio: 0.0652
task 1 total 2 users, intersection ratio: 0.0566
task 1 total 2 users, intersection ratio: 0.1053
task 1 total 2 users, intersection ratio: 0.0435
task 1 total 2 users, intersection ratio: 0.0526
task 1 total 2 users, intersection ratio: 0.0909
task 1 total 2 users, intersection ratio: 0.0500
task 1 total 2 users, intersection ratio: 0.0323
task 1 total 2 users, intersection ratio: 0.0000
task 1 total 2 users, intersection ratio: 0.0588
task 1 total 2 users, intersection ratio: 0.0714
task 1 total 2 users, intersection ratio: 0.0339
task 1 total 2 users, intersection ratio: 0.0769
task 1 total 2 users, intersection ratio: 0.0426
task 1 total 2 users, intersection ratio: 0.0455
task 1 total 2 users, intersection ratio: 0.0741
base changed 15
task 1 total 2 users, intersection ratio: 0.0667
task 1 total 2 users, intersection ratio: 0.0612
task 1 total 2 users, intersection ratio: 0.0784
task 1 total 2 users, intersection ratio: 0.0714
task 1 total 2 users, intersection ratio: 0.0588
task 1 total 2 users, intersection ratio: 0.0408
task 1 total 2 users, intersection ratio: 0.0357
task 1 total 2 users, intersection ratio: 0.0732
task 1 total 2 users, intersection ratio: 0.0638
task 1 total 2 users, intersection ratio: 0.0500
task 1 total 2 users, intersection ratio: 0.0638
task 1 total 2 users, intersection ratio: 0.0732
task 1 total 2 users, intersection ratio: 0.0645
task 1 total 2 users, intersection ratio: 0.0588
task 1 total 2 users, intersection ratio: 0.0000
task 1 total 2 users, intersection ratio: 0.0444
task 1 total 2 users, intersection ratio: 0.0500
task 1 total 2 users, intersection ratio: 0.0476
task 1 total 2 users, intersection ratio: 0.0625
task 1 total 2 users, intersection ratio: 0.0667
task 1 total 2 users, intersection ratio: 0.0345
base changed 16
task 1 total 2 users, intersection ratio: 0.0541
task 1 total 2 users, intersection ratio: 0.0488
task 1 total 2 users, intersection ratio: 0.0455
task 1 total 2 users, intersection ratio: 0.0588
task 1 total 2 users, intersection ratio: 0.0714
task 1 total 2 users, intersection ratio: 0.0769
task 1 total 2 users, intersection ratio: 0.0652
task 1 total 2 users, intersection ratio: 0.0938
task 1 total 2 users, intersection ratio: 0.0513
task 1 total 2 users, intersection ratio: 0.0645
task 1 total 2 users, intersection ratio: 0.0789
task 1 total 2 users, intersection ratio: 0.0606
task 1 total 2 users, intersection ratio: 0.0364
task 1 total 2 users, intersection ratio: 0.0714
task 1 total 2 users, intersection ratio: 0.0444
task 1 total 2 users, intersection ratio: 0.0000
task 1 total 2 users, intersection ratio: 0.0385
task 1 total 2 users, intersection ratio: 0.0938
task 1 total 2 users, intersection ratio: 0.0500
task 1 total 2 users, intersection ratio: 0.0541
task 1 total 2 users, intersection ratio: 0.0625
base changed 17
task 1 total 2 users, intersection ratio: 0.0377
task 1 total 2 users, intersection ratio: 0.0351
task 1 total 2 users, intersection ratio: 0.0333
task 1 total 2 users, intersection ratio: 0.0400
task 1 total 2 users, intersection ratio: 0.0339
task 1 total 2 users, intersection ratio: 0.0357
task 1 total 2 users, intersection ratio: 0.0317
task 1 total 2 users, intersection ratio: 0.0408
task 1 total 2 users, intersection ratio: 0.0364
task 1 total 2 users, intersection ratio: 0.0426
task 1 total 2 users, intersection ratio: 0.0364
task 1 total 2 users, intersection ratio: 0.0408
task 1 total 2 users, intersection ratio: 0.0282
task 1 total 2 users, intersection ratio: 0.0339
task 1 total 2 users, intersection ratio: 0.0500
task 1 total 2 users, intersection ratio: 0.0385
task 1 total 2 users, intersection ratio: 0.0000
task 1 total 2 users, intersection ratio: 0.0408
task 1 total 2 users, intersection ratio: 0.0545
task 1 total 2 users, intersection ratio: 0.0577
task 1 total 2 users, intersection ratio: 0.0308
base changed 18
task 1 total 2 users, intersection ratio: 0.0588
task 1 total 2 users, intersection ratio: 0.0526
task 1 total 2 users, intersection ratio: 0.0488
task 1 total 2 users, intersection ratio: 0.0645
task 1 total 2 users, intersection ratio: 0.0769
task 1 total 2 users, intersection ratio: 0.0833
task 1 total 2 users, intersection ratio: 0.0698
task 1 total 2 users, intersection ratio: 0.0667
task 1 total 2 users, intersection ratio: 0.0556
task 1 total 2 users, intersection ratio: 0.0714
task 1 total 2 users, intersection ratio: 0.0857
task 1 total 2 users, intersection ratio: 0.1034
task 1 total 2 users, intersection ratio: 0.0385
task 1 total 2 users, intersection ratio: 0.0769
task 1 total 2 users, intersection ratio: 0.0476
task 1 total 2 users, intersection ratio: 0.0938
task 1 total 2 users, intersection ratio: 0.0408
task 1 total 2 users, intersection ratio: 0.0000
task 1 total 2 users, intersection ratio: 0.0541
task 1 total 2 users, intersection ratio: 0.0588
task 1 total 2 users, intersection ratio: 0.0667
base changed 19
task 1 total 2 users, intersection ratio: 0.0488
task 1 total 2 users, intersection ratio: 0.0444
task 1 total 2 users, intersection ratio: 0.0638
task 1 total 2 users, intersection ratio: 0.0526
task 1 total 2 users, intersection ratio: 0.0426
task 1 total 2 users, intersection ratio: 0.0455
task 1 total 2 users, intersection ratio: 0.0392
task 1 total 2 users, intersection ratio: 0.0541
task 1 total 2 users, intersection ratio: 0.0714
task 1 total 2 users, intersection ratio: 0.0571
task 1 total 2 users, intersection ratio: 0.0465
task 1 total 2 users, intersection ratio: 0.0541
task 1 total 2 users, intersection ratio: 0.0517
task 1 total 2 users, intersection ratio: 0.0426
task 1 total 2 users, intersection ratio: 0.0625
task 1 total 2 users, intersection ratio: 0.0500
task 1 total 2 users, intersection ratio: 0.0545
task 1 total 2 users, intersection ratio: 0.0541
task 1 total 2 users, intersection ratio: 0.0000
task 1 total 2 users, intersection ratio: 0.1026
task 1 total 2 users, intersection ratio: 0.0377
base changed 20
task 1 total 2 users, intersection ratio: 0.0526
task 1 total 2 users, intersection ratio: 0.0476
task 1 total 2 users, intersection ratio: 0.0682
task 1 total 2 users, intersection ratio: 0.0571
task 1 total 2 users, intersection ratio: 0.0455
task 1 total 2 users, intersection ratio: 0.0488
task 1 total 2 users, intersection ratio: 0.0417
task 1 total 2 users, intersection ratio: 0.0588
task 1 total 2 users, intersection ratio: 0.0769
task 1 total 2 users, intersection ratio: 0.0625
task 1 total 2 users, intersection ratio: 0.0500
task 1 total 2 users, intersection ratio: 0.0588
task 1 total 2 users, intersection ratio: 0.0545
task 1 total 2 users, intersection ratio: 0.0455
task 1 total 2 users, intersection ratio: 0.0667
task 1 total 2 users, intersection ratio: 0.0541
task 1 total 2 users, intersection ratio: 0.0577
task 1 total 2 users, intersection ratio: 0.0588
task 1 total 2 users, intersection ratio: 0.1026
task 1 total 2 users, intersection ratio: 0.0000
task 1 total 2 users, intersection ratio: 0.0400
base changed 21
task 1 total 2 users, intersection ratio: 0.0400
task 1 total 2 users, intersection ratio: 0.0370
task 1 total 2 users, intersection ratio: 0.0351
task 1 total 2 users, intersection ratio: 0.0426
task 1 total 2 users, intersection ratio: 0.0741
task 1 total 2 users, intersection ratio: 0.0577
task 1 total 2 users, intersection ratio: 0.0508
task 1 total 2 users, intersection ratio: 0.0435
task 1 total 2 users, intersection ratio: 0.0385
task 1 total 2 users, intersection ratio: 0.0698
task 1 total 2 users, intersection ratio: 0.0588
task 1 total 2 users, intersection ratio: 0.0435
task 1 total 2 users, intersection ratio: 0.0294
task 1 total 2 users, intersection ratio: 0.0741
task 1 total 2 users, intersection ratio: 0.0345
task 1 total 2 users, intersection ratio: 0.0625
task 1 total 2 users, intersection ratio: 0.0308
task 1 total 2 users, intersection ratio: 0.0667
task 1 total 2 users, intersection ratio: 0.0377
task 1 total 2 users, intersection ratio: 0.0400
task 1 total 2 users, intersection ratio: 0.0000


[0.0000, 0.0732, 0.0682, 0.0882, 0.0698, 0.0488, 0.0417, 0.0588, 0.0500, 0.0625, 0.0769, 0.0909, 0.0545, 0.0698, 0.0667, 0.0541, 0.0377, 0.0588, 0.0488, 0.0526, 0.0400],
[0.0732, 0.0000, 0.0851, 0.0789, 0.0638, 0.0444, 0.0385, 0.0526, 0.0455, 0.0556, 0.0698, 0.0526, 0.0333, 0.0638, 0.0612, 0.0488, 0.0351, 0.0526, 0.0444, 0.0476, 0.0370],
[0.0682, 0.0851, 0.0000, 0.0732, 0.0600, 0.0417, 0.0364, 0.0488, 0.0426, 0.0513, 0.0652, 0.0488, 0.0317, 0.0600, 0.0784, 0.0455, 0.0333, 0.0488, 0.0638, 0.0682, 0.0351],
[0.0882, 0.0789, 0.0732, 0.0000, 0.0750, 0.0526, 0.0444, 0.1000, 0.0541, 0.1071, 0.0833, 0.0645, 0.0377, 0.0750, 0.0714, 0.0588, 0.0400, 0.0645, 0.0526, 0.0571, 0.0426],
[0.0698, 0.0638, 0.0600, 0.0750, 0.0000, 0.0652, 0.0566, 0.0500, 0.0435, 0.0811, 0.0909, 0.0500, 0.0323, 0.0833, 0.0588, 0.0714, 0.0339, 0.0769, 0.0426, 0.0455, 0.0741],
[0.0488, 0.0444, 0.0417, 0.0526, 0.0652, 0.0000, 0.0600, 0.0541, 0.0714, 0.0571, 0.0976, 0.0541, 0.0339, 0.0652, 0.0408, 0.0769, 0.0357, 0.0833, 0.0455, 0.0488, 0.0577],
[0.0417, 0.0385, 0.0364, 0.0444, 0.0566, 0.0600, 0.0000, 0.0455, 0.0400, 0.0476, 0.0612, 0.0455, 0.0462, 0.0566, 0.0357, 0.0652, 0.0317, 0.0698, 0.0392, 0.0417, 0.0508],
[0.0588, 0.0526, 0.0488, 0.1000, 0.0500, 0.0541, 0.0455, 0.0000, 0.0556, 0.1111, 0.0556, 0.0667, 0.0385, 0.1053, 0.0732, 0.0938, 0.0408, 0.0667, 0.0541, 0.0588, 0.0435],
[0.0500, 0.0455, 0.0426, 0.0541, 0.0435, 0.0714, 0.0400, 0.0556, 0.0000, 0.0588, 0.0732, 0.0556, 0.0526, 0.0435, 0.0638, 0.0513, 0.0364, 0.0556, 0.0714, 0.0769, 0.0385],
[0.0625, 0.0556, 0.0513, 0.1071, 0.0811, 0.0571, 0.0476, 0.1111, 0.0588, 0.0000, 0.0588, 0.0714, 0.0400, 0.0526, 0.0500, 0.0645, 0.0426, 0.0714, 0.0571, 0.0625, 0.0698],
[0.0769, 0.0698, 0.0652, 0.0833, 0.0909, 0.0976, 0.0612, 0.0556, 0.0732, 0.0588, 0.0000, 0.0857, 0.0345, 0.0909, 0.0638, 0.0789, 0.0364, 0.0857, 0.0465, 0.0500, 0.0588],
[0.0909, 0.0526, 0.0488, 0.0645, 0.0500, 0.0541, 0.0455, 0.0667, 0.0556, 0.0714, 0.0857, 0.0000, 0.1020, 0.0500, 0.0732, 0.0606, 0.0408, 0.1034, 0.0541, 0.0588, 0.0435],
[0.0545, 0.0333, 0.0317, 0.0377, 0.0323, 0.0339, 0.0462, 0.0385, 0.0526, 0.0400, 0.0345, 0.1020, 0.0000, 0.0323, 0.0645, 0.0364, 0.0282, 0.0385, 0.0517, 0.0545, 0.0294],
[0.0698, 0.0638, 0.0600, 0.0750, 0.0833, 0.0652, 0.0566, 0.1053, 0.0435, 0.0526, 0.0909, 0.0500, 0.0323, 0.0000, 0.0588, 0.0714, 0.0339, 0.0769, 0.0426, 0.0455, 0.0741],
[0.0667, 0.0612, 0.0784, 0.0714, 0.0588, 0.0408, 0.0357, 0.0732, 0.0638, 0.0500, 0.0638, 0.0732, 0.0645, 0.0588, 0.0000, 0.0444, 0.0500, 0.0476, 0.0625, 0.0667, 0.0345],
[0.0541, 0.0488, 0.0455, 0.0588, 0.0714, 0.0769, 0.0652, 0.0938, 0.0513, 0.0645, 0.0789, 0.0606, 0.0364, 0.0714, 0.0444, 0.0000, 0.0385, 0.0938, 0.0500, 0.0541, 0.0625],
[0.0377, 0.0351, 0.0333, 0.0400, 0.0339, 0.0357, 0.0317, 0.0408, 0.0364, 0.0426, 0.0364, 0.0408, 0.0282, 0.0339, 0.0500, 0.0385, 0.0000, 0.0408, 0.0545, 0.0577, 0.0308],
[0.0588, 0.0526, 0.0488, 0.0645, 0.0769, 0.0833, 0.0698, 0.0667, 0.0556, 0.0714, 0.0857, 0.1034, 0.0385, 0.0769, 0.0476, 0.0938, 0.0408, 0.0000, 0.0541, 0.0588, 0.0667],
[0.0488, 0.0444, 0.0638, 0.0526, 0.0426, 0.0455, 0.0392, 0.0541, 0.0714, 0.0571, 0.0465, 0.0541, 0.0517, 0.0426, 0.0625, 0.0500, 0.0545, 0.0541, 0.0000, 0.1026, 0.0377],
[0.0526, 0.0476, 0.0682, 0.0571, 0.0455, 0.0488, 0.0417, 0.0588, 0.0769, 0.0625, 0.0500, 0.0588, 0.0545, 0.0455, 0.0667, 0.0541, 0.0577, 0.0588, 0.1026, 0.0000, 0.0400],
[0.0400, 0.0370, 0.0351, 0.0426, 0.0741, 0.0577, 0.0508, 0.0435, 0.0385, 0.0698, 0.0588, 0.0435, 0.0294, 0.0741, 0.0345, 0.0625, 0.0308, 0.0667, 0.0377, 0.0400, 0.0000],